Meteor: 20251001_060203
  File name:     ['/home/users/jaklus/dynesty/20251001_060203_output_magbump/20251001_060203/20251001_060203_trajectory.pickle']
  Report file:  /home/users/jaklus/dynesty/20251001_060203_output_magbump/20251001_060203/20251001_060203_report.txt
  Dynesty file:  /home/users/jaklus/dynesty/20251001_060203_output_magbump/20251001_060203/20251001_060203_trajectory.dynesty
  Prior file:    /home/users/jaklus/dynesty/20251001_060203_output_magbump/20251001_060203/stony_meteoroid_eros+disruption_highfragile.prior
  Output folder: /home/users/jaklus/dynesty/20251001_060203_output_magbump/20251001_060203
  Bounds:
    v_init: [500, 69274.58128622007] flags=['norm']
    m_init: [1e-06, 0.0002] flags=[]
    rho: [100, 4000] flags=[]
    sigma: [1e-09, 5.0000000000000004e-08] flags=[]
    erosion_height_start: [115898.19740229024, 128399.66688413543] flags=[]
    erosion_coeff: [-12.0, -6.0] flags=['log']
    erosion_mass_index: [1, 3] flags=[]
    erosion_mass_min: [-11.301029995663981, -9.0] flags=['log']
    erosion_mass_max: [-10.0, -7.0] flags=['log']
    erosion_height_change: [95108.61951325888, 122248.93214321283] flags=[]
    erosion_rho_change: [100, 4000] flags=[]
    erosion_sigma_change: [1e-09, 5.0000000000000004e-08] flags=[]
    erosion_coeff_change: [-12.0, -6.0] flags=['log']
    compressive_strength: [1000, 2000] flags=[]
    disruption_mass_index: [1, 3] flags=[]
    disruption_mass_min_ratio: [-5.0, -0.3010299956639812] flags=['log']
    disruption_mass_max_ratio: [-5.0, -0.3010299956639812] flags=['log']
    disruption_mass_grain_ratio: [0, 1] flags=[]
    noise_lag: [10, 17.619126081112004] flags=['invgamma']
    noise_lum: [5, 1.992129052860463] flags=['invgamma']
  Fixed Values:  {'zenith_angle': np.float64(1.0421896818079337), 'disruption_on': True, 'rho_grain': 3000}

Summary
=======
niter: 14947
ncall: 2367954
eff(%):  0.631
logz: -3783.725 +/-    nan

niter i.e number of metsim simulated events
ncall i.e. number of likelihood evaluations
eff(%) i.e. (niter/ncall)*100 eff. of the logL call 
logz i.e. final estimated evidence

Tau: 1.03 95CI (0.85 - 1.14) %
Approx. mass weighted $\rho$ : 778.39 95CI (358.76 - 1413.55) kg/m^3
Real mass weighted $\rho$ : 2168.13 95CI (228.58 - 3731.79) kg/m^3

Best fit Noise:
Noise:  | Abs.Mag [-]|     Lum [W]|  Vel [km/s]|     Lag [m]|
Value:  |        0.50|       70.40|        1.99|       29.31|

Best fit:
v_init:	69005.70434779042
m_init:	2.5869704230925805e-05
rho:	190.90993427003065
sigma:	1.0143677832649798e-08
erosion_height_start:	122029.45249300472
erosion_coeff:	3.7479141894005616e-07
erosion_mass_index:	2.6588751396939694
erosion_mass_min:	6.0264921840279536e-12
erosion_mass_max:	8.799272818034146e-08
erosion_height_change:	113408.187861457
erosion_rho_change:	3421.037766982215
erosion_sigma_change:	2.5356055699028146e-09
erosion_coeff_change:	6.237271728656523e-12
compressive_strength:	1170.916378115901
disruption_mass_index:	1.9168246143438177
disruption_mass_min_ratio:	0.0007739630627645037
disruption_mass_max_ratio:	0.008227276705384106
disruption_mass_grain_ratio:	0.2932336685560377
noise_lag:	29.310093993062505
noise_lum:	70.40021760168104

Best fit logL: -3748.35308162142
