Meteor: 20251001_060203
  File name:     ['/home/users/jaklus/dynesty/20251001_060203_output_magbump/20251001_060203/20251001_060203_trajectory.pickle']
  Report file:  /home/users/jaklus/dynesty/20251001_060203_output_magbump/20251001_060203/20251001_060203_report.txt
  Dynesty file:  /home/users/jaklus/dynesty/20251001_060203_output_magbump/20251001_060203/20251001_060203_trajectory.dynesty
  Prior file:    /home/users/jaklus/dynesty/20251001_060203_output_magbump/20251001_060203/stony_meteoroid_eros+disruption_highfragile.prior
  Output folder: /home/users/jaklus/dynesty/20251001_060203_output_magbump/20251001_060203
  Bounds:
    v_init: [500, 69274.58128622007] flags=['norm']
    m_init: [1e-06, 0.0002] flags=[]
    rho: [100, 4000] flags=[]
    sigma: [1e-09, 5.0000000000000004e-08] flags=[]
    erosion_height_start: [115898.19740229024, 128399.66688413543] flags=[]
    erosion_coeff: [-12.0, -6.0] flags=['log']
    erosion_mass_index: [1, 3] flags=[]
    erosion_mass_min: [-11.301029995663981, -9.0] flags=['log']
    erosion_mass_max: [-10.0, -7.0] flags=['log']
    erosion_height_change: [95108.61951325888, 122248.93214321283] flags=[]
    erosion_rho_change: [100, 4000] flags=[]
    erosion_sigma_change: [1e-09, 5.0000000000000004e-08] flags=[]
    erosion_coeff_change: [-12.0, -6.0] flags=['log']
    compressive_strength: [1000, 2000] flags=[]
    disruption_mass_index: [1, 3] flags=[]
    disruption_mass_min_ratio: [-5.0, -0.3010299956639812] flags=['log']
    disruption_mass_max_ratio: [-5.0, -0.3010299956639812] flags=['log']
    disruption_mass_grain_ratio: [0, 1] flags=[]
    noise_lag: [10, 17.619126081112004] flags=['invgamma']
    noise_lum: [5, 1.992129052860463] flags=['invgamma']
  Fixed Values:  {'zenith_angle': np.float64(1.0421896818079337), 'disruption_on': True, 'rho_grain': 3000}

Summary
=======
niter: 32169
ncall: 4656469
eff(%):  0.691
logz: -3408.346 +/-    nan

niter i.e number of metsim simulated events
ncall i.e. number of likelihood evaluations
eff(%) i.e. (niter/ncall)*100 eff. of the logL call 
logz i.e. final estimated evidence

Tau: 0.95 95CI (0.88 - 0.99) %
Approx. mass weighted $\rho$ : 264.11 95CI (220.24 - 379.08) kg/m^3
Real mass weighted $\rho$ : 2168.13 95CI (228.58 - 3731.79) kg/m^3

Best fit Noise:
Noise:  | Abs.Mag [-]|     Lum [W]|  Vel [km/s]|     Lag [m]|
Value:  |        0.30|       58.12|        1.99|       13.63|

Best fit:
v_init:	69198.82954371543
m_init:	2.8540998381270795e-05
rho:	207.40900804626824
sigma:	2.241575291911564e-08
erosion_height_start:	123779.0272107524
erosion_coeff:	2.933664212688564e-07
erosion_mass_index:	2.0405703395285673
erosion_mass_min:	5.4052270008118276e-12
erosion_mass_max:	1.4729628448783657e-08
erosion_height_change:	110532.46903070208
erosion_rho_change:	532.3911125596917
erosion_sigma_change:	1.2051585452956035e-08
erosion_coeff_change:	3.547810065660977e-11
compressive_strength:	1665.372955420638
disruption_mass_index:	1.2440087857758775
disruption_mass_min_ratio:	0.0005345479865890506
disruption_mass_max_ratio:	0.0423938606321702
disruption_mass_grain_ratio:	0.8097192215321415
noise_lag:	13.629352803073377
noise_lum:	58.11892713999738

Best fit logL: -3344.6021284170374
