Meteor: 20251001_060203
  File name:     ['/home/users/jaklus/dynesty/20251001_060203_output_magbump/20251001_060203/20251001_060203_trajectory.pickle']
  Report file:  /home/users/jaklus/dynesty/20251001_060203_output_magbump/20251001_060203/20251001_060203_report.txt
  Dynesty file:  /home/users/jaklus/dynesty/20251001_060203_output_magbump/20251001_060203/20251001_060203_trajectory.dynesty
  Prior file:    /home/users/jaklus/dynesty/20251001_060203_output_magbump/20251001_060203/stony_meteoroid_eros+disruption_highfragile.prior
  Output folder: /home/users/jaklus/dynesty/20251001_060203_output_magbump/20251001_060203
  Bounds:
    v_init: [500, 69274.58128622007] flags=['norm']
    m_init: [1e-06, 0.0002] flags=[]
    rho: [100, 4000] flags=[]
    sigma: [1e-09, 5.0000000000000004e-08] flags=[]
    erosion_height_start: [115898.19740229024, 128399.66688413543] flags=[]
    erosion_coeff: [-12.0, -6.0] flags=['log']
    erosion_mass_index: [1, 3] flags=[]
    erosion_mass_min: [-11.301029995663981, -9.0] flags=['log']
    erosion_mass_max: [-10.0, -7.0] flags=['log']
    erosion_height_change: [95108.61951325888, 122248.93214321283] flags=[]
    erosion_rho_change: [100, 4000] flags=[]
    erosion_sigma_change: [1e-09, 5.0000000000000004e-08] flags=[]
    erosion_coeff_change: [-12.0, -6.0] flags=['log']
    compressive_strength: [1000, 2000] flags=[]
    disruption_mass_index: [1, 3] flags=[]
    disruption_mass_min_ratio: [-5.0, -0.3010299956639812] flags=['log']
    disruption_mass_max_ratio: [-5.0, -0.3010299956639812] flags=['log']
    disruption_mass_grain_ratio: [0, 1] flags=[]
    noise_lag: [10, 17.619126081112004] flags=['invgamma']
    noise_lum: [5, 1.992129052860463] flags=['invgamma']
  Fixed Values:  {'zenith_angle': np.float64(1.0421896818079337), 'disruption_on': True, 'rho_grain': 3000}

Summary
=======
niter: 4757
ncall: 637211
eff(%):  0.745
logz: -200573.704 +/-    nan

niter i.e number of metsim simulated events
ncall i.e. number of likelihood evaluations
eff(%) i.e. (niter/ncall)*100 eff. of the logL call 
logz i.e. final estimated evidence

Tau: 2.61 95CI (2.61 - 2.61) %
Approx. mass weighted $\rho$ : 1725.49 95CI (1725.11 - 1725.87) kg/m^3
Real mass weighted $\rho$ : 2168.13 95CI (228.58 - 3731.79) kg/m^3

Best fit Noise:
Noise:  | Abs.Mag [-]|     Lum [W]|  Vel [km/s]|     Lag [m]|
Value:  |        2.22|       16.19|        1.99|       34.64|

Best fit:
v_init:	68807.62990811019
m_init:	1.0318005178853823e-05
rho:	549.2712702998281
sigma:	1.6711918284592566e-08
erosion_height_start:	121049.38281610602
erosion_coeff:	4.18953059962357e-09
erosion_mass_index:	2.7519544660570148
erosion_mass_min:	4.455477012937144e-11
erosion_mass_max:	7.59246995939954e-09
erosion_height_change:	107285.7277586467
erosion_rho_change:	1956.6007544808608
erosion_sigma_change:	1.1868185177329921e-08
erosion_coeff_change:	6.052977095035781e-07
compressive_strength:	1535.1122026007563
disruption_mass_index:	1.9597976903439214
disruption_mass_min_ratio:	0.0018232589246241788
disruption_mass_max_ratio:	0.03729276655904485
disruption_mass_grain_ratio:	0.7709335808160425
noise_lag:	34.639621625493994
noise_lum:	16.187702865627553

Best fit logL: -200556.10814532486
