Meteor: 20251001_060203
  File name:     ['/home/users/jaklus/dynesty/20251001_060203_output_magbump/20251001_060203/20251001_060203_trajectory.pickle']
  Report file:  /home/users/jaklus/dynesty/20251001_060203_output_magbump/20251001_060203/20251001_060203_report.txt
  Dynesty file:  /home/users/jaklus/dynesty/20251001_060203_output_magbump/20251001_060203/20251001_060203_trajectory.dynesty
  Prior file:    /home/users/jaklus/dynesty/20251001_060203_output_magbump/20251001_060203/stony_meteoroid_eros+disruption_highfragile.prior
  Output folder: /home/users/jaklus/dynesty/20251001_060203_output_magbump/20251001_060203
  Bounds:
    v_init: [500, 69274.58128622007] flags=['norm']
    m_init: [1e-06, 0.0002] flags=[]
    rho: [100, 4000] flags=[]
    sigma: [1e-09, 5.0000000000000004e-08] flags=[]
    erosion_height_start: [115898.19740229024, 128399.66688413543] flags=[]
    erosion_coeff: [-12.0, -6.0] flags=['log']
    erosion_mass_index: [1, 3] flags=[]
    erosion_mass_min: [-11.301029995663981, -9.0] flags=['log']
    erosion_mass_max: [-10.0, -7.0] flags=['log']
    erosion_height_change: [95108.61951325888, 122248.93214321283] flags=[]
    erosion_rho_change: [100, 4000] flags=[]
    erosion_sigma_change: [1e-09, 5.0000000000000004e-08] flags=[]
    erosion_coeff_change: [-12.0, -6.0] flags=['log']
    compressive_strength: [1000, 2000] flags=[]
    disruption_mass_index: [1, 3] flags=[]
    disruption_mass_min_ratio: [-5.0, -0.3010299956639812] flags=['log']
    disruption_mass_max_ratio: [-5.0, -0.3010299956639812] flags=['log']
    disruption_mass_grain_ratio: [0, 1] flags=[]
    noise_lag: [10, 17.619126081112004] flags=['invgamma']
    noise_lum: [5, 1.992129052860463] flags=['invgamma']
  Fixed Values:  {'zenith_angle': np.float64(1.0421896818079337), 'disruption_on': True, 'rho_grain': 3000}

Summary
=======
niter: 81
ncall: 682
eff(%):  4.816
logz: -1000000000000000052504760255204420248704468581108159154915854115511802457988908195786371375080447864043704443832883878176942523235360430575644792184786706982848387200926575803737830233794788090059368953234970799945081119038967640880074652742780142494579258788820056842838115669472196386865459400540160.000 +/-    nan

niter i.e number of metsim simulated events
ncall i.e. number of likelihood evaluations
eff(%) i.e. (niter/ncall)*100 eff. of the logL call 
logz i.e. final estimated evidence

Tau: 0.26 95CI (0.14 - 2.04) %
Approx. mass weighted $\rho$ : 2204.62 95CI (215.61 - 3596.38) kg/m^3
Real mass weighted $\rho$ : 2168.13 95CI (228.58 - 3731.79) kg/m^3

Best fit Noise:
Noise:  | Abs.Mag [-]|     Lum [W]|  Vel [km/s]|     Lag [m]|
Value:  |        2.46|        4.32|        1.99|       20.91|

Best fit:
v_init:	69265.51968982907
m_init:	7.038044195063797e-05
rho:	509.36496004701155
sigma:	1.6463372836672367e-08
erosion_height_start:	120188.12789801971
erosion_coeff:	5.8154743732375644e-08
erosion_mass_index:	1.3136718224923425
erosion_mass_min:	3.701801983250551e-11
erosion_mass_max:	9.249342445934792e-10
erosion_height_change:	113544.62383284859
erosion_rho_change:	185.3458195745
erosion_sigma_change:	2.201734211454502e-09
erosion_coeff_change:	1.6521660989437556e-09
compressive_strength:	1234.7950930403329
disruption_mass_index:	1.3237797702456535
disruption_mass_min_ratio:	0.00015131366718034128
disruption_mass_max_ratio:	0.21401930448345455
disruption_mass_grain_ratio:	0.8549257114300918
noise_lag:	20.914922463312436
noise_lum:	4.3174156216975845

Best fit logL: -inf
