Meteor: 20251001_060203
  File name:     ['/home/users/jaklus/dynesty/20251001_060203_output_magbump/20251001_060203/20251001_060203_trajectory.pickle']
  Report file:  /home/users/jaklus/dynesty/20251001_060203_output_magbump/20251001_060203/20251001_060203_report.txt
  Dynesty file:  /home/users/jaklus/dynesty/20251001_060203_output_magbump/20251001_060203/20251001_060203_trajectory.dynesty
  Prior file:    /home/users/jaklus/dynesty/20251001_060203_output_magbump/20251001_060203/stony_meteoroid_eros+disruption_highfragile.prior
  Output folder: /home/users/jaklus/dynesty/20251001_060203_output_magbump/20251001_060203
  Bounds:
    v_init: [500, 69274.58128622007] flags=['norm']
    m_init: [1e-06, 0.0002] flags=[]
    rho: [100, 4000] flags=[]
    sigma: [1e-09, 5.0000000000000004e-08] flags=[]
    erosion_height_start: [115898.19740229024, 128399.66688413543] flags=[]
    erosion_coeff: [-12.0, -6.0] flags=['log']
    erosion_mass_index: [1, 3] flags=[]
    erosion_mass_min: [-11.301029995663981, -9.0] flags=['log']
    erosion_mass_max: [-10.0, -7.0] flags=['log']
    erosion_height_change: [95108.61951325888, 122248.93214321283] flags=[]
    erosion_rho_change: [100, 4000] flags=[]
    erosion_sigma_change: [1e-09, 5.0000000000000004e-08] flags=[]
    erosion_coeff_change: [-12.0, -6.0] flags=['log']
    compressive_strength: [1000, 2000] flags=[]
    disruption_mass_index: [1, 3] flags=[]
    disruption_mass_min_ratio: [-5.0, -0.3010299956639812] flags=['log']
    disruption_mass_max_ratio: [-5.0, -0.3010299956639812] flags=['log']
    disruption_mass_grain_ratio: [0, 1] flags=[]
    noise_lag: [10, 17.619126081112004] flags=['invgamma']
    noise_lum: [5, 1.992129052860463] flags=['invgamma']
  Fixed Values:  {'zenith_angle': np.float64(1.0421896818079337), 'disruption_on': True, 'rho_grain': 3000}

Summary
=======
niter: 17945
ncall: 2768424
eff(%):  0.648
logz: -3580.858 +/-    nan

niter i.e number of metsim simulated events
ncall i.e. number of likelihood evaluations
eff(%) i.e. (niter/ncall)*100 eff. of the logL call 
logz i.e. final estimated evidence

Tau: 0.97 95CI (0.82 - 1.10) %
Approx. mass weighted $\rho$ : 516.19 95CI (219.50 - 1145.48) kg/m^3
Real mass weighted $\rho$ : 2168.13 95CI (228.58 - 3731.79) kg/m^3

Best fit Noise:
Noise:  | Abs.Mag [-]|     Lum [W]|  Vel [km/s]|     Lag [m]|
Value:  |        0.38|       70.63|        1.99|       25.36|

Best fit:
v_init:	69168.0467632941
m_init:	2.741935971902048e-05
rho:	608.0057482010225
sigma:	2.0394155607810587e-08
erosion_height_start:	121748.18041390201
erosion_coeff:	8.965978322097652e-07
erosion_mass_index:	2.0820342375707273
erosion_mass_min:	5.226367948210121e-12
erosion_mass_max:	7.682574567106727e-08
erosion_height_change:	101140.46583111204
erosion_rho_change:	3103.9544611435776
erosion_sigma_change:	3.911134309571687e-08
erosion_coeff_change:	1.6139509328117252e-07
compressive_strength:	1544.2749683556021
disruption_mass_index:	2.9736083347915723
disruption_mass_min_ratio:	0.0016817535118538282
disruption_mass_max_ratio:	0.02289893777542872
disruption_mass_grain_ratio:	0.22914948172970603
noise_lag:	25.35817957689554
noise_lum:	70.63486041176058

Best fit logL: -3540.9445049169117
