Meteor: 20251001_060203
  File name:     ['/home/users/jaklus/dynesty/20251001-060203.067327/20251001_060203_trajectory.pickle']
  Report file:  /home/users/jaklus/dynesty/20251001-060203.067327/20251001_060203_report.txt
  Dynesty file:  /home/users/jaklus/dynesty/20251001-060203.067327/20251001_060203_trajectory.dynesty
  Prior file:    /home/users/jaklus/source/WesternMeteorPyLib/wmpl/Dynesty/priors/stony_meteoroid_eros+disruption_highfragile.prior
  Output folder: /home/users/jaklus/dynesty/20251001_060203_output_magbump_v4/20251001_060203
  Bounds:
    v_init: [500, 69274.58128622007] flags=['norm']
    m_init: [1e-06, 0.0002] flags=[]
    rho: [100, 4000] flags=[]
    sigma: [1e-09, 5.0000000000000004e-08] flags=[]
    erosion_height_start: [115898.19740229024, 128399.66688413543] flags=[]
    erosion_coeff: [-12.0, -6.0] flags=['log']
    erosion_mass_index: [1, 3] flags=[]
    erosion_mass_min: [-11.301029995663981, -9.0] flags=['log']
    erosion_mass_max: [-10.0, -7.0] flags=['log']
    erosion_height_change: [95108.61951325888, 122248.93214321283] flags=[]
    erosion_rho_change: [100, 4000] flags=[]
    erosion_sigma_change: [1e-09, 5.0000000000000004e-08] flags=[]
    erosion_coeff_change: [-12.0, -6.0] flags=['log']
    compressive_strength: [1000, 2000] flags=[]
    disruption_mass_index: [1, 3] flags=[]
    disruption_mass_min_ratio: [-5.0, -0.3010299956639812] flags=['log']
    disruption_mass_max_ratio: [-5.0, -0.3010299956639812] flags=['log']
    disruption_mass_grain_ratio: [0, 1] flags=[]
    noise_lag: [10, 17.619126081112004] flags=['invgamma']
    noise_lum: [5, 1.992129052860463] flags=['invgamma']
  Fixed Values:  {'zenith_angle': np.float64(1.0421896818079337), 'disruption_on': True, 'rho_grain': 3000}

Summary
=======
niter: 45054
ncall: 6220367
eff(%):  0.702
logz: -3310.976 +/-  0.261

niter i.e number of metsim simulated events
ncall i.e. number of likelihood evaluations
eff(%) i.e. (niter/ncall)*100 eff. of the logL call 
logz i.e. final estimated evidence

Tau: 0.87 95CI (0.85 - 0.90) %
Approx. mass weighted $\rho$ : 148.00 95CI (138.35 - 155.90) kg/m^3
Real mass weighted $\rho$ : 148.08 95CI (138.29 - 155.91) kg/m^3

Best fit Noise:
Noise:  | Abs.Mag [-]|     Lum [W]|  Vel [km/s]|     Lag [m]|
Value:  |        4.92|      135.19|        1.99|       54.80|

Best fit:
v_init:	69303.78398295933
m_init:	3.147401232849326e-05
rho:	142.0638286682623
sigma:	4.7607804518757926e-08
erosion_height_start:	126441.14442336012
erosion_coeff:	1.1047864780811891e-07
erosion_mass_index:	2.02769785828783
erosion_mass_min:	1.6354123852894637e-10
erosion_mass_max:	2.0309432716830302e-10
erosion_height_change:	101584.94698220267
erosion_rho_change:	276.361629049665
erosion_sigma_change:	3.816665552204937e-08
erosion_coeff_change:	1.7853954022515288e-08
compressive_strength:	1032.8155813740814
disruption_mass_index:	2.7674628270772774
disruption_mass_min_ratio:	0.16693240564363304
disruption_mass_max_ratio:	0.24847904370071405
disruption_mass_grain_ratio:	0.9199514722053203
noise_lag:	54.79765290407877
noise_lum:	135.19181800470835

Best fit logL: -3236.6076924238414

Time to run dynesty: 5 days, 17:00:15.122870