Meteor: 20251001_060203
  File name:     ['/home/users/jaklus/dynesty/20251001-060203.067327/20251001_060203_trajectory.pickle']
  Report file:  /home/users/jaklus/dynesty/20251001-060203.067327/20251001_060203_report.txt
  Dynesty file:  /home/users/jaklus/dynesty/20251001-060203.067327/20251001_060203_trajectory.dynesty
  Prior file:    /home/users/jaklus/source/WesternMeteorPyLib/wmpl/Dynesty/priors/stony_meteoroid_eros+disruption_highfragile.prior
  Output folder: /home/users/jaklus/dynesty/20251001_060203_output__v3/20251001_060203
  Bounds:
    v_init: [500, 69274.58128622007] flags=['norm']
    m_init: [1e-06, 0.0002] flags=[]
    rho: [100, 4000] flags=[]
    sigma: [1e-09, 5.0000000000000004e-08] flags=[]
    erosion_height_start: [115898.19740229024, 128399.66688413543] flags=[]
    erosion_coeff: [-12.0, -6.0] flags=['log']
    erosion_mass_index: [1, 3] flags=[]
    erosion_mass_min: [-11.301029995663981, -9.0] flags=['log']
    erosion_mass_max: [-10.0, -7.0] flags=['log']
    erosion_height_change: [95108.61951325888, 122248.93214321283] flags=[]
    erosion_rho_change: [100, 4000] flags=[]
    erosion_sigma_change: [1e-09, 5.0000000000000004e-08] flags=[]
    erosion_coeff_change: [-12.0, -6.0] flags=['log']
    compressive_strength: [1000, 2000] flags=[]
    disruption_mass_index: [1, 3] flags=[]
    disruption_mass_min_ratio: [-5.0, -0.3010299956639812] flags=['log']
    disruption_mass_max_ratio: [-5.0, -0.3010299956639812] flags=['log']
    disruption_mass_grain_ratio: [0, 1] flags=[]
    noise_lag: [10, 17.619126081112004] flags=['invgamma']
    noise_lum: [5, 1.992129052860463] flags=['invgamma']
  Fixed Values:  {'zenith_angle': np.float64(1.0421896818079337), 'disruption_on': True, 'rho_grain': 3000}

Summary
=======
niter: 38031
ncall: 5089562
eff(%):  0.720
logz: -3322.276 +/-  0.235

niter i.e number of metsim simulated events
ncall i.e. number of likelihood evaluations
eff(%) i.e. (niter/ncall)*100 eff. of the logL call 
logz i.e. final estimated evidence

Tau: 1.17 95CI (1.14 - 1.21) %
Approx. mass weighted $\rho$ : 2032.14 95CI (1928.01 - 2148.62) kg/m^3
Real mass weighted $\rho$ : 2032.29 95CI (1927.40 - 2145.23) kg/m^3

Best fit Noise:
Noise:  | Abs.Mag [-]|     Lum [W]|  Vel [km/s]|     Lag [m]|
Value:  |        5.61|      129.27|        1.99|       52.43|

Best fit:
v_init:	69089.94401334689
m_init:	2.231296122262902e-05
rho:	2053.728494390939
sigma:	4.3367272858681054e-08
erosion_height_start:	122326.5524733121
erosion_coeff:	6.682987568794997e-07
erosion_mass_index:	2.7538212733716505
erosion_mass_min:	1.0894175865107886e-11
erosion_mass_max:	1.1373705016427722e-10
erosion_height_change:	103897.40501378334
erosion_rho_change:	3554.486952677934
erosion_sigma_change:	2.3442924797977768e-08
erosion_coeff_change:	2.457778941675038e-11
compressive_strength:	1072.398421717107
disruption_mass_index:	2.8769000445975212
disruption_mass_min_ratio:	0.008076410101338735
disruption_mass_max_ratio:	0.1583498540746644
disruption_mass_grain_ratio:	0.278179158776932
noise_lag:	52.4266132946449
noise_lum:	129.27184900681038

Best fit logL: -3262.05965757152

Time to run dynesty: 5 days, 10:43:51.592539