holder/20251001-060203.067327/2025-10-01T06_02_03_Mirfit_01T.ecsv
# %ECSV 0.9
# ---
# datatype:
# - {name: datetime, datatype: string}
# - {name: ra, unit: deg, datatype: float64}
# - {name: dec, unit: deg, datatype: float64}
# - {name: azimuth, datatype: float64}
# - {name: altitude, datatype: float64}
# - {name: x_image, unit: pix, datatype: float64}
# - {name: y_image, unit: pix, datatype: float64}
# - {name: integrated_pixel_value, datatype: int64}
# - {name: mag_data, datatype: float64}
# delimiter: ','
# meta: !!omap
# - {obs_latitude: 43.2640}
# - {obs_longitude: -80.7721}
# - {obs_elevation: 329.0000}
# - {origin: 'Mirfit'}
# - {camera_id: '01T'}
# - {cx: 900}
# - {cy: 900}
# - {photometric_band: 'STARS9TH_VBVRI R band'}
# - {image_file: 'ev_20251001_060203A_01T.vid'}
# - {isodate_start_obs: '2025-10-01T06:02:03.997331'}
# - {astrometry_number_stars: 52}
# - {mag_label: 'mag_data'}
# - {no_frags: 1}
# - {obs_az: 324.43950776073279}
# - {obs_ev: 45.96120335909563}
# - {obs_rot: 0.00000000000000}
# - {fov_horiz: 14.754961247941647}
# - {fov_vert: 14.752316747496725}
# schema: astropy-2.0
datetime,ra,dec,azimuth,altitude,x_image,y_image,integrated_pixel_value,mag_data
2025-10-01T06:02:03.267927,318.305130,+66.987762,327.818914,+50.023289,	464.944,	490.957,	1,	+15.80
2025-10-01T06:02:03.277947,317.757196,+66.830039,327.547969,+49.821713,	465.326,	487.827,	413048,	+1.76
2025-10-01T06:02:03.287967,317.216064,+66.672686,327.282719,+49.619276,	465.234,	485.890,	508159,	+1.54
2025-10-01T06:02:03.297987,316.682141,+66.511486,327.016588,+49.416466,	465.589,	482.891,	485736,	+1.58
2025-10-01T06:02:03.308007,316.157609,+66.348565,326.752823,+49.214042,	466.455,	480.119,	515229,	+1.52
2025-10-01T06:02:03.318027,315.637682,+66.184346,326.491853,+49.010124,	466.769,	477.425,	613197,	+1.33
2025-10-01T06:02:03.328047,315.126944,+66.018455,326.233111,+48.806615,	467.598,	474.939,	608135,	+1.34
2025-10-01T06:02:03.338067,314.619704,+65.851603,325.977528,+48.601244,	467.617,	472.620,	674839,	+1.23
2025-10-01T06:02:03.348088,314.120921,+65.682773,325.723521,+48.396082,	468.100,	470.270,	705992,	+1.18
2025-10-01T06:02:03.358107,313.631708,+65.512491,325.471756,+48.191643,	469.211,	468.195,	755092,	+1.11
2025-10-01T06:02:03.368128,313.145223,+65.341226,325.222918,+47.985157,	469.421,	466.221,	776962,	+1.07
2025-10-01T06:02:03.378147,312.668648,+65.167753,324.974989,+47.779615,	470.506,	464.095,	852707,	+0.97
2025-10-01T06:02:03.388168,312.193615,+64.992864,324.729277,+47.571571,	470.518,	461.747,	881455,	+0.94
2025-10-01T06:02:03.398188,311.726932,+64.816817,324.485918,+47.363939,	470.941,	459.708,	941022,	+0.87
2025-10-01T06:02:03.408208,311.269106,+64.639998,324.245329,+47.157029,	471.886,	458.214,	910332,	+0.90
2025-10-01T06:02:03.418228,310.814968,+64.461407,324.006180,+46.948617,	472.332,	456.389,	939291,	+0.87
2025-10-01T06:02:03.438268,309.925840,+64.100242,323.533529,+46.530983,	473.476,	452.925,	856643,	+0.97
2025-10-01T06:02:03.448288,309.490712,+63.917575,323.299741,+46.321778,	474.200,	451.200,	899498,	+0.92
2025-10-01T06:02:03.458308,309.061638,+63.734324,323.068714,+46.112362,	474.900,	449.900,	841783,	+0.99
2025-10-01T06:02:03.468328,308.638550,+63.549569,322.839050,+45.902647,	475.700,	448.500,	824138,	+1.01
2025-10-01T06:02:03.478348,308.221566,+63.363059,322.610317,+45.692683,	476.675,	446.844,	753703,	+1.11
2025-10-01T06:02:03.488368,307.808069,+63.176588,322.385227,+45.481601,	477.000,	445.800,	577564,	+1.40
2025-10-01T06:02:03.498389,307.405803,+62.989516,322.162035,+45.272829,	478.700,	445.400,	557699,	+1.43
2025-10-01T06:02:03.508408,307.003695,+62.800259,321.939545,+45.061206,	479.201,	444.157,	550554,	+1.45
2025-10-01T06:02:03.518429,306.610710,+62.610164,321.718652,+44.851004,	480.643,	443.301,	570690,	+1.41
2025-10-01T06:02:03.528449,306.222581,+62.421138,321.502366,+44.640704,	481.776,	443.654,	462594,	+1.64
2025-10-01T06:02:03.538469,305.839524,+62.229191,321.285071,+44.429726,	483.079,	442.983,	416869,	+1.75
2025-10-01T06:02:03.548489,305.462251,+62.038036,321.071725,+44.219134,	484.400,	443.400,	407756,	+1.77
2025-10-01T06:02:03.558509,305.085078,+61.843853,320.857802,+44.005592,	484.636,	442.507,	422669,	+1.74
2025-10-01T06:02:03.568529,304.716904,+61.650121,320.646798,+43.793939,	485.799,	442.626,	397009,	+1.80
2025-10-01T06:02:03.578549,304.354117,+61.456118,320.438115,+43.582427,	487.054,	443.195,	380540,	+1.85
2025-10-01T06:02:03.588569,303.995520,+61.261231,320.231035,+43.370409,	488.158,	443.807,	303389,	+2.10
2025-10-01T06:02:03.598589,303.642472,+61.065095,320.024802,+43.158468,	489.520,	444.299,	317395,	+2.05
2025-10-01T06:02:03.608609,303.292313,+60.868602,319.820971,+42.945605,	490.378,	445.071,	245245,	+2.33
2025-10-01T06:02:03.618629,302.952200,+60.673206,319.620191,+42.735617,	492.596,	447.186,	245923,	+2.32
2025-10-01T06:02:03.628650,302.612826,+60.475544,319.419509,+42.523305,	493.919,	448.419,	239662,	+2.35
2025-10-01T06:02:03.638669,302.279324,+60.277441,319.220405,+42.311592,	495.610,	449.936,	251652,	+2.30
2025-10-01T06:02:03.648690,301.949527,+60.079512,319.023992,+42.099662,	497.094,	452.055,	256330,	+2.28
2025-10-01T06:02:03.658710,301.626165,+59.881614,318.829496,+41.888836,	499.142,	454.731,	290001,	+2.14
2025-10-01T06:02:03.668730,301.299490,+59.678657,318.632207,+41.672988,	499.325,	454.807,	442181,	+1.69
2025-10-01T06:02:03.678750,300.985467,+59.481084,318.442363,+41.462868,	501.583,	458.643,	389762,	+1.82
2025-10-01T06:02:03.688770,300.672034,+59.280963,318.252094,+41.250397,	502.968,	461.401,	317980,	+2.04
2025-10-01T06:02:03.698790,300.362973,+59.078401,318.060773,+41.037429,	504.544,	463.226,	279512,	+2.18
2025-10-01T06:02:03.708810,300.061766,+58.878791,317.874384,+40.827383,	507.100,	467.265,	256330,	+2.28
2025-10-01T06:02:03.718830,299.762111,+58.676998,317.687738,+40.615616,	509.069,	470.438,	213993,	+2.47
2025-10-01T06:02:03.728850,299.470951,+58.478964,317.506646,+40.407503,	512.262,	476.263,	195344,	+2.57
2025-10-01T06:02:03.738870,299.179591,+58.277949,317.324600,+40.196611,	514.421,	480.724,	153179,	+2.84
2025-10-01T06:02:03.748890,298.895163,+58.078937,317.146089,+39.988150,	517.484,	486.787,	139059,	+2.94
2025-10-01T06:02:03.758910,298.613816,+57.876116,316.964800,+39.778273,	520.518,	491.056,	106561,	+3.23
2025-10-01T06:02:03.768930,298.335934,+57.676093,316.788682,+39.569472,	523.459,	497.303,	75162,	+3.61
2025-10-01T06:02:03.778951,298.061510,+57.474445,316.612288,+39.360244,	526.456,	503.008,	64091,	+3.78
2025-10-01T06:02:03.788970,297.791528,+57.273703,316.438383,+39.152012,	529.739,	509.585,	68360,	+3.71
2025-10-01T06:02:03.798991,297.522565,+57.072409,316.266023,+38.942564,	532.350,	516.204,	52626,	+4.00
