Meteor: 20251001_060203
  File name:     ['/home/users/jaklus/dynesty/20251001_060203_output_magbump_v2/20251001_060203/20251001_060203_trajectory.pickle']
  Report file:  /home/users/jaklus/dynesty/20251001_060203_output_magbump_v2/20251001_060203/20251001_060203_report.txt
  Dynesty file:  /home/users/jaklus/dynesty/20251001_060203_output_magbump_v2/20251001_060203/20251001_060203_trajectory.dynesty
  Prior file:    /home/users/jaklus/dynesty/20251001_060203_output_magbump_v2/20251001_060203/stony_meteoroid_eros+disruption_highfragile.prior
  Output folder: /home/users/jaklus/dynesty/20251001_060203_output_magbump_v2/20251001_060203
  Bounds:
    v_init: [500, 69274.58128622007] flags=['norm']
    m_init: [1e-06, 0.0002] flags=[]
    rho: [100, 4000] flags=[]
    sigma: [1e-09, 5.0000000000000004e-08] flags=[]
    erosion_height_start: [115898.19740229024, 128399.66688413543] flags=[]
    erosion_coeff: [-12.0, -6.0] flags=['log']
    erosion_mass_index: [1, 3] flags=[]
    erosion_mass_min: [-11.301029995663981, -9.0] flags=['log']
    erosion_mass_max: [-10.0, -7.0] flags=['log']
    erosion_height_change: [95108.61951325888, 122248.93214321283] flags=[]
    erosion_rho_change: [100, 4000] flags=[]
    erosion_sigma_change: [1e-09, 5.0000000000000004e-08] flags=[]
    erosion_coeff_change: [-12.0, -6.0] flags=['log']
    compressive_strength: [1000, 2000] flags=[]
    disruption_mass_index: [1, 3] flags=[]
    disruption_mass_min_ratio: [-5.0, -0.3010299956639812] flags=['log']
    disruption_mass_max_ratio: [-5.0, -0.3010299956639812] flags=['log']
    disruption_mass_grain_ratio: [0, 1] flags=[]
    noise_lag: [10, 17.619126081112004] flags=['invgamma']
    noise_lum: [5, 1.992129052860463] flags=['invgamma']
  Fixed Values:  {'zenith_angle': np.float64(1.0421896818079337), 'disruption_on': True, 'rho_grain': 3000}

Summary
=======
niter: 15305
ncall: 2489035
eff(%):  0.615
logz: -3693.258 +/-    nan

niter i.e number of metsim simulated events
ncall i.e. number of likelihood evaluations
eff(%) i.e. (niter/ncall)*100 eff. of the logL call 
logz i.e. final estimated evidence

Tau: 0.96 95CI (0.85 - 2.00) %
Approx. mass weighted $\rho$ : 558.13 95CI (147.64 - 1410.43) kg/m^3
Real mass weighted $\rho$ : 2105.41 95CI (207.74 - 3840.96) kg/m^3

Best fit Noise:
Noise:  | Abs.Mag [-]|     Lum [W]|  Vel [km/s]|     Lag [m]|
Value:  |        3.90|      170.49|        1.99|       37.18|

Best fit:
v_init:	69068.08509434728
m_init:	2.0926418034163867e-05
rho:	993.5477445668782
sigma:	1.7634248079740506e-08
erosion_height_start:	127634.15788236447
erosion_coeff:	5.955851948964898e-07
erosion_mass_index:	2.145991859604405
erosion_mass_min:	2.8949157730720334e-11
erosion_mass_max:	3.656179870604453e-10
erosion_height_change:	108736.64167016245
erosion_rho_change:	3359.4684226914524
erosion_sigma_change:	3.493566911569623e-08
erosion_coeff_change:	1.0032695514088098e-10
compressive_strength:	1686.7095727601416
disruption_mass_index:	2.4723174248463264
disruption_mass_min_ratio:	0.0007997952758313635
disruption_mass_max_ratio:	0.0008929872008385753
disruption_mass_grain_ratio:	0.25501302974845425
noise_lag:	37.18424344500444
noise_lum:	170.4854365802385

Best fit logL: -3657.728212249278
