Meteor: 20251001_060203
  File name:     ['/home/users/jaklus/dynesty/20251001_060203_output_magbump_v2/20251001_060203/20251001_060203_trajectory.pickle']
  Report file:  /home/users/jaklus/dynesty/20251001_060203_output_magbump_v2/20251001_060203/20251001_060203_report.txt
  Dynesty file:  /home/users/jaklus/dynesty/20251001_060203_output_magbump_v2/20251001_060203/20251001_060203_trajectory.dynesty
  Prior file:    /home/users/jaklus/dynesty/20251001_060203_output_magbump_v2/20251001_060203/stony_meteoroid_eros+disruption_highfragile.prior
  Output folder: /home/users/jaklus/dynesty/20251001_060203_output_magbump_v2/20251001_060203
  Bounds:
    v_init: [500, 69274.58128622007] flags=['norm']
    m_init: [1e-06, 0.0002] flags=[]
    rho: [100, 4000] flags=[]
    sigma: [1e-09, 5.0000000000000004e-08] flags=[]
    erosion_height_start: [115898.19740229024, 128399.66688413543] flags=[]
    erosion_coeff: [-12.0, -6.0] flags=['log']
    erosion_mass_index: [1, 3] flags=[]
    erosion_mass_min: [-11.301029995663981, -9.0] flags=['log']
    erosion_mass_max: [-10.0, -7.0] flags=['log']
    erosion_height_change: [95108.61951325888, 122248.93214321283] flags=[]
    erosion_rho_change: [100, 4000] flags=[]
    erosion_sigma_change: [1e-09, 5.0000000000000004e-08] flags=[]
    erosion_coeff_change: [-12.0, -6.0] flags=['log']
    compressive_strength: [1000, 2000] flags=[]
    disruption_mass_index: [1, 3] flags=[]
    disruption_mass_min_ratio: [-5.0, -0.3010299956639812] flags=['log']
    disruption_mass_max_ratio: [-5.0, -0.3010299956639812] flags=['log']
    disruption_mass_grain_ratio: [0, 1] flags=[]
    noise_lag: [10, 17.619126081112004] flags=['invgamma']
    noise_lum: [5, 1.992129052860463] flags=['invgamma']
  Fixed Values:  {'zenith_angle': np.float64(1.0421896818079337), 'disruption_on': True, 'rho_grain': 3000}

Summary
=======
niter: 321
ncall: 24237
eff(%):  1.272
logz: -1000000000000000052504760255204420248704468581108159154915854115511802457988908195786371375080447864043704443832883878176942523235360430575644792184786706982848387200926575803737830233794788090059368953234970799945081119038967640880074652742780142494579258788820056842838115669472196386865459400540160.000 +/-    nan

niter i.e number of metsim simulated events
ncall i.e. number of likelihood evaluations
eff(%) i.e. (niter/ncall)*100 eff. of the logL call 
logz i.e. final estimated evidence

Tau: 0.32 95CI (0.14 - 3.79) %
Approx. mass weighted $\rho$ : 2300.64 95CI (288.51 - 3901.91) kg/m^3
Real mass weighted $\rho$ : 2105.41 95CI (207.74 - 3840.96) kg/m^3

Best fit Noise:
Noise:  | Abs.Mag [-]|     Lum [W]|  Vel [km/s]|     Lag [m]|
Value:  |        3.27|        1.39|        1.99|       23.37|

Best fit:
v_init:	69480.71054795063
m_init:	0.00014523335340125093
rho:	2145.27283618356
sigma:	2.584278641364061e-08
erosion_height_start:	119979.14075980482
erosion_coeff:	4.7365872416079975e-09
erosion_mass_index:	1.9648219679344476
erosion_mass_min:	2.180672026672998e-10
erosion_mass_max:	6.442466569126183e-08
erosion_height_change:	102354.81853254263
erosion_rho_change:	2892.145457538511
erosion_sigma_change:	2.097030136907714e-08
erosion_coeff_change:	9.120208631324954e-11
compressive_strength:	1771.4041180936242
disruption_mass_index:	2.1944807138042917
disruption_mass_min_ratio:	0.061714268556987244
disruption_mass_max_ratio:	7.789330411568689e-05
disruption_mass_grain_ratio:	0.2790931252286605
noise_lag:	23.366216612384846
noise_lum:	1.3859529910419361

Best fit logL: -inf
