Meteor: 20251001_060203
  File name:     ['/home/users/jaklus/dynesty/20251001_060203_output_magbump_v2/20251001_060203/20251001_060203_trajectory.pickle']
  Report file:  /home/users/jaklus/dynesty/20251001_060203_output_magbump_v2/20251001_060203/20251001_060203_report.txt
  Dynesty file:  /home/users/jaklus/dynesty/20251001_060203_output_magbump_v2/20251001_060203/20251001_060203_trajectory.dynesty
  Prior file:    /home/users/jaklus/dynesty/20251001_060203_output_magbump_v2/20251001_060203/stony_meteoroid_eros+disruption_highfragile.prior
  Output folder: /home/users/jaklus/dynesty/20251001_060203_output_magbump_v2/20251001_060203
  Bounds:
    v_init: [500, 69274.58128622007] flags=['norm']
    m_init: [1e-06, 0.0002] flags=[]
    rho: [100, 4000] flags=[]
    sigma: [1e-09, 5.0000000000000004e-08] flags=[]
    erosion_height_start: [115898.19740229024, 128399.66688413543] flags=[]
    erosion_coeff: [-12.0, -6.0] flags=['log']
    erosion_mass_index: [1, 3] flags=[]
    erosion_mass_min: [-11.301029995663981, -9.0] flags=['log']
    erosion_mass_max: [-10.0, -7.0] flags=['log']
    erosion_height_change: [95108.61951325888, 122248.93214321283] flags=[]
    erosion_rho_change: [100, 4000] flags=[]
    erosion_sigma_change: [1e-09, 5.0000000000000004e-08] flags=[]
    erosion_coeff_change: [-12.0, -6.0] flags=['log']
    compressive_strength: [1000, 2000] flags=[]
    disruption_mass_index: [1, 3] flags=[]
    disruption_mass_min_ratio: [-5.0, -0.3010299956639812] flags=['log']
    disruption_mass_max_ratio: [-5.0, -0.3010299956639812] flags=['log']
    disruption_mass_grain_ratio: [0, 1] flags=[]
    noise_lag: [10, 17.619126081112004] flags=['invgamma']
    noise_lum: [5, 1.992129052860463] flags=['invgamma']
  Fixed Values:  {'zenith_angle': np.float64(1.0421896818079337), 'disruption_on': True, 'rho_grain': 3000}

Summary
=======
niter: 2061
ncall: 259423
eff(%):  0.791
logz: -3961571.339 +/-    nan

niter i.e number of metsim simulated events
ncall i.e. number of likelihood evaluations
eff(%) i.e. (niter/ncall)*100 eff. of the logL call 
logz i.e. final estimated evidence

Tau: 1.34 95CI (1.34 - 1.35) %
Approx. mass weighted $\rho$ : 966.60 95CI (966.06 - 967.13) kg/m^3
Real mass weighted $\rho$ : 2105.41 95CI (207.74 - 3840.96) kg/m^3

Best fit Noise:
Noise:  | Abs.Mag [-]|     Lum [W]|  Vel [km/s]|     Lag [m]|
Value:  |        2.83|        4.12|        1.99|       13.82|

Best fit:
v_init:	68571.00911984584
m_init:	2.005857006190694e-05
rho:	156.08423467897887
sigma:	1.5093171085019873e-08
erosion_height_start:	124447.18112656174
erosion_coeff:	7.028070327653635e-09
erosion_mass_index:	1.8019170537848406
erosion_mass_min:	2.360897309845131e-11
erosion_mass_max:	1.6154298780279941e-09
erosion_height_change:	118279.78842808508
erosion_rho_change:	1030.1459073920278
erosion_sigma_change:	5.95366821365811e-09
erosion_coeff_change:	4.5105369307235446e-10
compressive_strength:	1625.5506830770178
disruption_mass_index:	1.2292840014800872
disruption_mass_min_ratio:	0.004013402878718736
disruption_mass_max_ratio:	0.10605503995414967
disruption_mass_grain_ratio:	0.3178283615366879
noise_lag:	13.815067138989011
noise_lum:	4.12000091131344

Best fit logL: -3961559.2005848764
