20251001-060203.067327/2025-10-01T06_02_03_Mirfit_02T.ecsv
# %ECSV 0.9
# ---
# datatype:
# - {name: datetime, datatype: string}
# - {name: ra, unit: deg, datatype: float64}
# - {name: dec, unit: deg, datatype: float64}
# - {name: azimuth, datatype: float64}
# - {name: altitude, datatype: float64}
# - {name: x_image, unit: pix, datatype: float64}
# - {name: y_image, unit: pix, datatype: float64}
# - {name: integrated_pixel_value, datatype: int64}
# - {name: mag_data, datatype: float64}
# delimiter: ','
# meta: !!omap
# - {obs_latitude: 43.1930}
# - {obs_longitude: -81.3156}
# - {obs_elevation: 322.0000}
# - {origin: 'Mirfit'}
# - {camera_id: '02T'}
# - {cx: 900}
# - {cy: 900}
# - {photometric_band: 'STARS9TH_VBVRI R band'}
# - {image_file: 'ev_20251001_060203A_02T.vid'}
# - {isodate_start_obs: '2025-10-01T06:02:03.779142'}
# - {astrometry_number_stars: 52}
# - {mag_label: 'mag_data'}
# - {no_frags: 1}
# - {obs_az: 343.41277596337198}
# - {obs_ev: 46.62531873943178}
# - {obs_rot: 0.00000000000000}
# - {fov_horiz: 14.754961247941647}
# - {fov_vert: 14.752316747496725}
# schema: astropy-2.0
datetime,ra,dec,azimuth,altitude,x_image,y_image,integrated_pixel_value,mag_data
2025-10-01T06:02:03.264772,2.921747,+80.507411,355.791336,+52.105050,	513.000,	524.000,	1240509,	+1.77
2025-10-01T06:02:03.274792,1.334648,+80.544663,355.413765,+51.979780,	512.000,	526.000,	1385479,	+1.65
2025-10-01T06:02:03.284812,359.733025,+80.573304,355.036599,+51.854419,	511.800,	527.400,	1606941,	+1.48
2025-10-01T06:02:03.294832,358.114950,+80.595389,354.660111,+51.726654,	511.000,	528.200,	1980615,	+1.26
2025-10-01T06:02:03.304853,356.488168,+80.609716,354.284925,+51.597836,	510.400,	528.700,	1955240,	+1.27
2025-10-01T06:02:03.314873,354.851803,+80.616838,353.910700,+51.467145,	509.500,	528.700,	2132063,	+1.18
2025-10-01T06:02:03.324893,353.209833,+80.615681,353.537011,+51.335547,	508.900,	528.100,	2280342,	+1.11
2025-10-01T06:02:03.334913,351.571122,+80.607229,353.166041,+51.202676,	508.300,	527.700,	2491151,	+1.01
2025-10-01T06:02:03.344933,349.939919,+80.591677,352.798307,+51.068589,	507.700,	527.700,	2625427,	+0.95
2025-10-01T06:02:03.354953,348.308885,+80.569525,352.432168,+50.932034,	506.400,	527.400,	2908037,	+0.84
2025-10-01T06:02:03.364973,346.684551,+80.537668,352.065551,+50.795881,	506.200,	526.200,	2973035,	+0.82
2025-10-01T06:02:03.374993,345.059534,+80.500721,351.700900,+50.655453,	504.200,	524.700,	3241903,	+0.72
2025-10-01T06:02:03.385013,343.445749,+80.454343,351.335854,+50.515097,	503.100,	522.300,	1,	+17.00
2025-10-01T06:02:03.395033,341.838840,+80.400341,350.970846,+50.372663,	501.600,	519.000,	1,	+17.00
2025-10-01T06:02:03.405053,340.270146,+80.340816,350.613566,+50.230141,	500.500,	517.900,	1,	+17.00
2025-10-01T06:02:03.415074,338.695608,+80.272287,350.251514,+50.084638,	498.700,	514.000,	1,	+17.00
2025-10-01T06:02:03.425094,337.151908,+80.197700,349.894256,+49.938352,	497.000,	511.100,	1,	+17.00
2025-10-01T06:02:03.435114,335.642317,+80.116341,349.540954,+49.792245,	496.000,	509.000,	1,	+17.00
2025-10-01T06:02:03.445134,334.144897,+80.027416,349.186477,+49.643822,	494.500,	505.500,	3332729,	+0.69
2025-10-01T06:02:03.455154,332.668383,+79.931397,348.832510,+49.493746,	492.800,	501.300,	3206269,	+0.73
2025-10-01T06:02:03.465174,331.233204,+79.830246,348.484297,+49.343757,	491.600,	498.600,	1,	+17.00
2025-10-01T06:02:03.475194,329.815798,+79.721854,348.135157,+49.191655,	490.000,	494.600,	1,	+17.00
2025-10-01T06:02:03.485214,328.433314,+79.608184,347.789826,+49.038881,	488.542,	491.283,	2787405,	+0.89
2025-10-01T06:02:03.495235,327.060540,+79.486045,347.440284,+48.883084,	486.391,	485.281,	2749160,	+0.90
2025-10-01T06:02:03.505255,325.709179,+79.359133,347.092911,+48.724060,	482.954,	479.033,	2627847,	+0.95
2025-10-01T06:02:03.515275,324.418074,+79.227911,346.753002,+48.568142,	481.609,	475.309,	2401043,	+1.05
2025-10-01T06:02:03.525295,323.146996,+79.091097,346.413345,+48.409439,	479.370,	470.651,	2263602,	+1.11
2025-10-01T06:02:03.535315,321.888828,+78.945654,346.068844,+48.247787,	476.551,	463.009,	2303563,	+1.09
2025-10-01T06:02:03.545335,320.696287,+78.798386,345.734510,+48.089868,	475.881,	459.108,	1995262,	+1.25
2025-10-01T06:02:03.555355,319.491532,+78.643765,345.394042,+47.923920,	471.768,	451.082,	1824736,	+1.35
2025-10-01T06:02:03.565375,318.346800,+78.485868,345.060457,+47.761721,	470.032,	445.531,	1629296,	+1.47
2025-10-01T06:02:03.575395,317.213224,+78.323003,344.726321,+47.594912,	466.415,	438.452,	1530383,	+1.54
2025-10-01T06:02:03.595436,315.070659,+77.986550,344.069820,+47.264265,	462.107,	427.259,	1294196,	+1.72
2025-10-01T06:02:03.605455,314.018857,+77.807967,343.736444,+47.093464,	458.300,	417.800,	1203372,	+1.80
2025-10-01T06:02:03.615476,313.022541,+77.629765,343.412959,+46.926097,	456.345,	412.094,	1072507,	+1.92
2025-10-01T06:02:03.625496,312.049910,+77.447865,343.090976,+46.756909,	453.890,	406.039,	1003691,	+2.00
2025-10-01T06:02:03.635516,311.085198,+77.257774,342.763075,+46.583361,	450.174,	396.291,	996323,	+2.00
2025-10-01T06:02:03.645536,310.162896,+77.068259,342.443661,+46.411442,	447.300,	389.500,	892072,	+2.12
2025-10-01T06:02:03.655556,309.258282,+76.872510,342.121456,+46.237082,	443.986,	380.538,	1039441,	+1.96
2025-10-01T06:02:03.665576,308.392659,+76.678741,341.809000,+46.064154,	441.213,	375.057,	1587815,	+1.50
2025-10-01T06:02:03.675597,307.548720,+76.479434,341.494563,+45.889967,	438.593,	367.929,	1690441,	+1.43
2025-10-01T06:02:03.685617,306.709486,+76.272883,341.175165,+45.710647,	434.196,	357.308,	1430869,	+1.61
2025-10-01T06:02:03.695637,305.917060,+76.069492,340.866689,+45.535440,	431.700,	351.100,	1177064,	+1.82
2025-10-01T06:02:03.705657,305.140544,+75.862537,340.558507,+45.357846,	428.446,	343.985,	1027070,	+1.97
2025-10-01T06:02:03.715677,304.377213,+75.652253,340.250893,+45.177247,	424.044,	335.966,	816582,	+2.22
2025-10-01T06:02:03.725697,303.657470,+75.442204,339.948988,+45.001300,	422.335,	330.391,	773393,	+2.28
2025-10-01T06:02:03.735717,302.951222,+75.230087,339.649049,+44.822870,	419.593,	324.591,	616027,	+2.53
2025-10-01T06:02:03.745737,302.246232,+75.010448,339.343471,+44.638786,	414.870,	314.892,	510035,	+2.73
2025-10-01T06:02:03.755757,301.581093,+74.794377,339.047507,+44.459306,	412.302,	309.293,	473369,	+2.81
2025-10-01T06:02:03.765777,300.923786,+74.572389,338.747957,+44.276084,	408.615,	300.952,	381241,	+3.05
2025-10-01T06:02:03.775797,300.289402,+74.352554,338.455762,+44.093599,	405.068,	295.162,	375664,	+3.06
2025-10-01T06:02:03.785817,299.675140,+74.130254,338.164325,+43.911111,	402.017,	289.078,	318860,	+3.24
2025-10-01T06:02:03.795838,299.080702,+73.907396,337.876114,+43.728880,	399.300,	283.800,	225528,	+3.62
2025-10-01T06:02:03.805858,298.494322,+73.680404,337.586497,+43.543478,	395.503,	276.753,	207205,	+3.71
2025-10-01T06:02:03.815878,297.934026,+73.454449,337.301745,+43.360593,	393.100,	271.600,	167494,	+3.94
2025-10-01T06:02:03.825898,297.387207,+73.228220,337.020379,+43.176803,	390.290,	267.123,	122462,	+4.28
2025-10-01T06:02:03.835918,296.859663,+73.001781,336.742031,+42.993970,	388.171,	263.519,	104616,	+4.45
2025-10-01T06:02:03.845938,296.340833,+72.772467,336.463548,+42.808824,	385.276,	258.868,	86218,	+4.66
2025-10-01T06:02:03.855959,295.841152,+72.543504,336.188535,+42.625024,	383.215,	255.384,	66130,	+4.95
2025-10-01T06:02:03.865978,295.356703,+72.316064,335.918603,+42.441850,	381.300,	253.600,	44300,	+5.38
2025-10-01T06:02:03.875999,294.881581,+72.085718,335.648132,+42.256926,	378.983,	250.739,	21958,	+6.15
2025-10-01T06:02:03.886019,294.427072,+71.857443,335.382719,+42.074725,	378.000,	250.000,	20212,	+6.24
