20251001-060203.067327/2025-10-01T06_02_02_RMS_02K.ecsv
# %ECSV 0.9
# ---
# datatype:
# - {name: datetime, datatype: string}
# - {name: ra, unit: deg, datatype: float64}
# - {name: dec, unit: deg, datatype: float64}
# - {name: azimuth, datatype: float64}
# - {name: altitude, datatype: float64}
# - {name: x_image, unit: pix, datatype: float64}
# - {name: y_image, unit: pix, datatype: float64}
# - {name: integrated_pixel_value, datatype: int64}
# - {name: background_pixel_value, datatype: int64}
# - {name: saturated_pixels, datatype: bool}
# - {name: mag_data, datatype: float64}
# - {name: err_minus_mag, datatype: float64}
# - {name: err_plus_mag, datatype: float64}
# - {name: snr, datatype: float64}
# delimiter: ','
# meta: !!omap
# - {obs_latitude: 43.193025}
# - {obs_longitude: -81.315637}
# - {obs_elevation: 324.0}
# - {origin: 'SkyFit2'}
# - {camera_id: '02K'}
# - {cx: 900}
# - {cy: 900}
# - {photometric_band: 'Sky2000 0.00B + 0.00V + 1.00R + 0.00I'}
# - {image_file: 'FF_02K_20251001_060202_153_0000000.fits'}
# - {isodate_start_obs: '2025-10-01T06:02:02.153367'}
# - {astrometry_number_stars: 29}
# - {mag_label: 'mag_data'}
# - {no_frags: 1}
# - {obs_az: 345.22726410974917}
# - {obs_ev: 44.53475605905485}
# - {obs_rot: -90.73611981419293}
# - {fov_horiz: 33.4765012821922}
# - {fov_vert: 33.520530511375505}
# schema: astropy-2.0
datetime,ra,dec,azimuth,altitude,x_image,y_image,integrated_pixel_value,background_pixel_value,saturated_pixels,mag_data,err_minus_mag,err_plus_mag,snr
2025-10-01T06:02:03.067335, 27.718605,+78.767630,  2.936040,+54.130839,  152.310,  174.703,     33538,      1464,False,  +4.03, -0.50, +0.50,     10.27
2025-10-01T06:02:03.079856, 26.426013,+78.932500,  2.467707,+54.011921,  157.350,  181.255,     32824,      1421,False,  +4.06, -0.50, +0.50,     10.64
2025-10-01T06:02:03.092375, 24.975795,+79.080340,  1.966418,+53.905401,  162.138,  188.437,     22314,      1383,False,  +4.48, -0.51, +0.51,      7.68
2025-10-01T06:02:03.104896, 23.405292,+79.245186,  1.438067,+53.774345,  167.618,  195.935,     49539,      1471,False,  +3.61, -0.50, +0.50,     12.98
2025-10-01T06:02:03.117416, 21.919856,+79.392498,  0.954938,+53.648901,  172.722,  202.801,     77016,      1446,False,  +3.13, -0.49, +0.49,     18.64
2025-10-01T06:02:03.129936, 20.323205,+79.544823,  0.452486,+53.509716,  178.203,  209.937,     80745,      1470,False,  +3.08, -0.49, +0.49,     20.90
2025-10-01T06:02:03.142456, 18.727832,+79.663656,359.967058,+53.393823,  182.952,  216.979,     98844,      1465,False,  +2.86, -0.49, +0.49,     25.06
2025-10-01T06:02:03.154976, 16.908453,+79.803439,359.430576,+53.245572,  188.672,  224.701,    108834,      1421,False,  +2.75, -0.49, +0.49,     30.21
2025-10-01T06:02:03.167496, 15.496081,+79.916194,359.027807,+53.117961,  193.356,  230.452,    157659,      1481,False,  +2.35, -0.49, +0.49,     40.86
2025-10-01T06:02:03.180016, 13.463686,+80.045931,358.463452,+52.954613,  199.448,  238.648,    170289,      1480,False,  +2.27, -0.49, +0.49,     42.31
2025-10-01T06:02:03.192536, 11.813878,+80.138337,358.017997,+52.824667,  204.232,  245.157,    171080,      1533,False,  +2.26, -0.49, +0.49,     47.30
2025-10-01T06:02:03.205057,  9.964129,+80.235111,357.532259,+52.675303,  209.602,  252.268,    178715,      1454,False,  +2.21, -0.49, +0.49,     53.36
2025-10-01T06:02:03.217577,  8.122785,+80.316152,357.059373,+52.531034,  214.749,  259.244,    219896,      1526,False,  +1.99, -0.49, +0.49,     64.70
2025-10-01T06:02:03.230097,  6.164853,+80.384203,356.565150,+52.383905,  219.978,  266.604,    228043,      1417,False,  +1.95, -0.49, +0.49,     49.34
2025-10-01T06:02:03.242617,  4.045332,+80.467098,356.052197,+52.203031,  226.095,  274.182,    310780,      1542,False,  +1.61, -0.49, +0.49,     64.41
2025-10-01T06:02:03.255137,  2.564077,+80.498973,355.691273,+52.093719,  229.889,  279.625,    346123,      1539,False,  +1.50, -0.49, +0.49,     75.53
2025-10-01T06:02:03.267657,  0.324616,+80.551985,355.163326,+51.911905,  235.968,  287.556,    313325,      1459,False,  +1.60, -0.49, +0.49,     70.57
2025-10-01T06:02:03.280177,358.450492,+80.569652,354.718324,+51.773377,  240.654,  294.348,    462024,      1487,False,  +1.18, -0.49, +0.49,    101.63
2025-10-01T06:02:03.292697,356.289357,+80.596342,354.223652,+51.595393,  246.449,  301.868,    497121,      1603,False,  +1.10, -0.49, +0.49,    100.67
2025-10-01T06:02:03.305218,354.123405,+80.607318,353.731865,+51.417881,  252.172,  309.406,    484697,      1547,False,  +1.13, -0.49, +0.49,    109.80
2025-10-01T06:02:03.317738,352.289386,+80.598127,353.311976,+51.273070,  256.839,  315.913,    550662,      1584,False,  +0.99, -0.49, +0.49,    118.60
2025-10-01T06:02:03.330257,350.168051,+80.581712,352.833478,+51.098127,  262.375,  323.353,    630383,      1584,False,  +0.84, -0.49, +0.49,    140.54
2025-10-01T06:02:03.342778,348.185837,+80.555764,352.388505,+50.931376,  267.586,  330.316,    592217,      1629,False,  +0.91, -0.49, +0.49,    142.96
2025-10-01T06:02:03.355298,345.977133,+80.511614,351.891068,+50.743725,  273.396,  338.161,    678725,      1690,False,  +0.76, -0.49, +0.49,    138.05
2025-10-01T06:02:03.367818,344.101576,+80.462530,351.467383,+50.581366,  278.370,  344.890,    621922,      1589,False,  +0.86, -0.49, +0.49,    145.51
2025-10-01T06:02:03.380338,342.028588,+80.399396,351.000736,+50.395400,  283.995,  352.345,    656287,      1603,False,  +0.80, -0.49, +0.49,    150.91
2025-10-01T06:02:03.392858,340.105604,+80.326728,350.562735,+50.220317,  289.248,  359.399,    705415,      1614,False,  +0.72, -0.49, +0.49,    162.11
2025-10-01T06:02:03.405378,338.174301,+80.240922,350.118093,+50.040455,  294.596,  366.614,    756298,      1683,False,  +0.64, -0.49, +0.49,    170.15
2025-10-01T06:02:03.417898,336.266506,+80.140697,349.670308,+49.859727,  299.931,  373.941,    757262,      1684,False,  +0.64, -0.49, +0.49,    171.23
2025-10-01T06:02:03.430419,334.329832,+80.028263,349.212575,+49.668860,  305.504,  381.484,    844253,      1711,False,  +0.52, -0.49, +0.49,    182.22
2025-10-01T06:02:03.442939,332.417796,+79.903422,348.753423,+49.474175,  311.139,  389.110,    747955,      1653,False,  +0.65, -0.49, +0.49,    173.31
2025-10-01T06:02:03.455459,330.608513,+79.778220,348.319356,+49.280156,  316.692,  396.368,    727543,      1614,False,  +0.68, -0.49, +0.49,    134.83
2025-10-01T06:02:03.467979,329.001241,+79.651704,347.921967,+49.104343,  321.695,  403.070,    647722,      1641,False,  +0.81, -0.49, +0.49,    156.80
2025-10-01T06:02:03.480499,327.245320,+79.501999,347.481464,+48.904794,  327.330,  410.556,    565910,      1650,False,  +0.96, -0.49, +0.49,    147.80
2025-10-01T06:02:03.493019,325.539639,+79.341517,347.042569,+48.704208,  332.954,  418.079,    552102,      1601,False,  +0.98, -0.49, +0.49,    131.17
2025-10-01T06:02:03.505539,323.954061,+79.173035,346.616769,+48.513241,  338.278,  425.444,    540338,      1586,False,  +1.01, -0.49, +0.49,    138.05
2025-10-01T06:02:03.518059,322.504028,+79.015766,346.230345,+48.328247,  343.393,  432.173,    493338,      1629,False,  +1.10, -0.49, +0.49,    130.86
2025-10-01T06:02:03.530579,320.876707,+78.823333,345.783609,+48.113201,  349.303,  440.019,    484075,      1564,False,  +1.12, -0.49, +0.49,    128.29
2025-10-01T06:02:03.543100,319.494931,+78.644770,345.390940,+47.924074,  354.471,  446.975,    453577,      1567,False,  +1.19, -0.49, +0.49,    122.16
2025-10-01T06:02:03.555620,318.023096,+78.436159,344.955122,+47.715781,  360.131,  454.760,    414176,      1583,False,  +1.29, -0.49, +0.49,    107.34
2025-10-01T06:02:03.568140,316.634164,+78.225549,344.532738,+47.510370,  365.680,  462.369,    365370,      1524,False,  +1.43, -0.49, +0.49,     95.05
2025-10-01T06:02:03.580660,315.245884,+78.011052,344.113587,+47.293071,  371.516,  469.982,    341359,      1529,False,  +1.50, -0.49, +0.49,     96.60
2025-10-01T06:02:03.593180,314.036881,+77.806078,343.730229,+47.097383,  376.745,  477.000,    309356,      1516,False,  +1.61, -0.49, +0.49,     83.26
2025-10-01T06:02:03.605700,312.813069,+77.589647,343.337027,+46.890247,  382.253,  484.254,    266113,      1503,False,  +1.77, -0.49, +0.49,     74.23
2025-10-01T06:02:03.618220,311.611850,+77.356884,342.929937,+46.679639,  387.824,  491.819,    243495,      1444,False,  +1.87, -0.49, +0.49,     75.10
2025-10-01T06:02:03.630740,310.446015,+77.128868,342.539868,+46.464325,  393.494,  499.127,    242400,      1425,False,  +1.87, -0.49, +0.49,     71.03
2025-10-01T06:02:03.643261,309.237903,+76.865360,342.105574,+46.233122,  399.542,  507.317,    200237,      1433,False,  +2.08, -0.49, +0.49,     66.61
2025-10-01T06:02:03.655781,308.071692,+76.595405,341.673278,+45.999182,  405.623,  515.531,    256797,      1461,False,  +1.81, -0.49, +0.49,     69.33
2025-10-01T06:02:03.668301,307.021553,+76.343382,341.279565,+45.778319,  411.333,  523.070,    398075,      1499,False,  +1.33, -0.49, +0.49,    112.46
2025-10-01T06:02:03.680821,306.004463,+76.091512,340.895159,+45.554740,  417.084,  530.486,    331558,      1532,False,  +1.53, -0.49, +0.49,     97.81
2025-10-01T06:02:03.693341,305.068956,+75.829859,340.506320,+45.341315,  422.520,  538.020,    262402,      1528,False,  +1.78, -0.49, +0.49,     87.65
2025-10-01T06:02:03.705861,304.213939,+75.591300,340.158440,+45.137737,  427.688,  544.815,    192813,      1476,False,  +2.12, -0.49, +0.49,     67.69
2025-10-01T06:02:03.718381,303.273672,+75.306116,339.751322,+44.904653,  433.555,  552.809,    184596,      1500,False,  +2.16, -0.49, +0.49,     60.67
2025-10-01T06:02:03.730901,302.435705,+75.052697,339.396837,+44.688110,  438.990,  559.833,    136168,      1410,False,  +2.49, -0.49, +0.49,     47.14
2025-10-01T06:02:03.743421,301.539234,+74.766932,339.005014,+44.446842,  445.007,  567.650,    114788,      1411,False,  +2.68, -0.49, +0.49,     43.18
2025-10-01T06:02:03.755941,300.812298,+74.520316,338.672903,+44.243195,  450.049,  574.314,     88997,      1416,False,  +2.95, -0.49, +0.49,     30.90
2025-10-01T06:02:03.768462,300.004378,+74.216065,338.269108,+44.006662,  455.841,  582.446,     76495,      1470,False,  +3.12, -0.49, +0.49,     32.65
2025-10-01T06:02:03.780982,299.154037,+73.882058,337.833998,+43.746280,  462.176,  591.279,     65069,      1460,False,  +3.29, -0.49, +0.49,     30.11
2025-10-01T06:02:03.793502,298.465660,+73.638316,337.525373,+43.530442,  467.468,  597.650,     48788,      1453,False,  +3.60, -0.49, +0.49,     22.94
2025-10-01T06:02:03.806022,297.787044,+73.391211,337.217807,+43.310799,  472.836,  604.046,     41327,      1447,False,  +3.78, -0.49, +0.49,     21.12
2025-10-01T06:02:03.818542,297.142508,+73.076231,336.822500,+43.085545,  478.173,  612.191,     31765,      1430,False,  +4.07, -0.49, +0.49,     20.05
2025-10-01T06:02:03.831062,296.425789,+72.761030,336.438311,+42.831343,  484.258,  620.243,     30741,      1403,False,  +4.10, -0.49, +0.49,     19.21
