20251001-060203.067327/2025-10-01T06_02_02_RMS_01K.ecsv
# %ECSV 0.9
# ---
# datatype:
# - {name: datetime, datatype: string}
# - {name: ra, unit: deg, datatype: float64}
# - {name: dec, unit: deg, datatype: float64}
# - {name: azimuth, datatype: float64}
# - {name: altitude, datatype: float64}
# - {name: x_image, unit: pix, datatype: float64}
# - {name: y_image, unit: pix, datatype: float64}
# - {name: integrated_pixel_value, datatype: int64}
# - {name: background_pixel_value, datatype: int64}
# - {name: saturated_pixels, datatype: bool}
# - {name: mag_data, datatype: float64}
# - {name: err_minus_mag, datatype: float64}
# - {name: err_plus_mag, datatype: float64}
# - {name: snr, datatype: float64}
# delimiter: ','
# meta: !!omap
# - {obs_latitude: 43.264}
# - {obs_longitude: -80.772139}
# - {obs_elevation: 329.0}
# - {origin: 'SkyFit2'}
# - {camera_id: '01K'}
# - {cx: 900}
# - {cy: 900}
# - {photometric_band: 'Sky2000 0.00B + 0.00V + 1.00R + 0.00I'}
# - {image_file: 'FF_01K_20251001_060202_140_0000000.fits'}
# - {isodate_start_obs: '2025-10-01T06:02:02.140747'}
# - {astrometry_number_stars: 34}
# - {mag_label: 'mag_data'}
# - {no_frags: 1}
# - {obs_az: 326.80496120604045}
# - {obs_ev: 44.05573767743648}
# - {obs_rot: -90.95499321771506}
# - {fov_horiz: 33.848910791587656}
# - {fov_vert: 33.87576964480763}
# schema: astropy-2.0
datetime,ra,dec,azimuth,altitude,x_image,y_image,integrated_pixel_value,background_pixel_value,saturated_pixels,mag_data,err_minus_mag,err_plus_mag,snr
2025-10-01T06:02:03.117320,326.665402,+68.955631,331.813217,+52.752070,  210.311,  373.928,     37687,      1362,False,  +3.70, -0.36, +0.36,     13.99
2025-10-01T06:02:03.129841,325.843501,+68.785501,331.414119,+52.511118,  217.128,  379.828,     74086,      1441,False,  +2.96, -0.35, +0.35,     35.81
2025-10-01T06:02:03.142361,325.005831,+68.615286,331.021473,+52.257871,  224.229,  385.671,    110000,      1427,False,  +2.53, -0.35, +0.35,     42.07
2025-10-01T06:02:03.154881,324.228374,+68.483506,330.706905,+52.011034,  231.050,  390.327,     63906,      1347,False,  +3.12, -0.36, +0.36,     26.49
2025-10-01T06:02:03.167401,323.438193,+68.300584,330.317859,+51.765095,  237.897,  396.261,    105942,      1385,False,  +2.57, -0.35, +0.35,     37.61
2025-10-01T06:02:03.179921,322.594050,+68.085941,329.881432,+51.498583,  245.294,  403.015,     95946,      1409,False,  +2.68, -0.35, +0.35,     39.25
2025-10-01T06:02:03.204962,321.278167,+67.771905,329.253861,+51.063804,  257.219,  412.813,    124301,      1462,False,  +2.39, -0.35, +0.35,     50.32
2025-10-01T06:02:03.217482,320.430955,+67.567032,328.858892,+50.774664,  265.091,  419.065,    151047,      1461,False,  +2.18, -0.35, +0.35,     55.57
2025-10-01T06:02:03.230002,319.690204,+67.364910,328.486335,+50.518458,  272.054,  425.055,    186416,      1417,False,  +1.95, -0.35, +0.35,     58.75
2025-10-01T06:02:03.242522,318.974505,+67.178640,328.148455,+50.263967,  278.927,  430.529,    194095,      1410,False,  +1.90, -0.35, +0.35,     65.48
2025-10-01T06:02:03.255042,318.295531,+66.989498,327.815942,+50.018476,  285.539,  435.982,    237718,      1446,False,  +1.68, -0.35, +0.35,     71.71
2025-10-01T06:02:03.267562,317.597437,+66.788914,327.472267,+49.760989,  292.450,  441.678,    266030,      1410,False,  +1.56, -0.35, +0.35,     79.35
2025-10-01T06:02:03.280083,316.931069,+66.591804,327.142919,+49.510206,  299.158,  447.195,    300343,      1412,False,  +1.42, -0.35, +0.35,     87.58
2025-10-01T06:02:03.292603,316.232175,+66.379329,326.796612,+49.241747,  306.315,  453.061,    344369,      1417,False,  +1.27, -0.35, +0.35,     93.21
2025-10-01T06:02:03.305123,315.633256,+66.192163,326.498668,+49.007139,  312.552,  458.160,    394828,      1457,False,  +1.12, -0.35, +0.35,    111.38
2025-10-01T06:02:03.317643,314.959221,+65.973197,326.158131,+48.737951,  319.688,  464.051,    402760,      1460,False,  +1.10, -0.35, +0.35,    125.22
2025-10-01T06:02:03.330163,314.301574,+65.758561,325.832120,+48.469793,  326.777,  469.752,    393828,      1444,False,  +1.12, -0.35, +0.35,    109.21
2025-10-01T06:02:03.342683,313.733837,+65.560981,325.538448,+48.233758,  333.001,  474.941,    432174,      1464,False,  +1.02, -0.35, +0.35,    130.05
2025-10-01T06:02:03.355204,313.111909,+65.335282,325.209781,+47.970021,  339.940,  480.808,    478025,      1466,False,  +0.90, -0.35, +0.35,    138.63
2025-10-01T06:02:03.367724,312.498511,+65.119408,324.902839,+47.705021,  346.896,  486.348,    499934,      1455,False,  +0.85, -0.35, +0.35,    141.35
2025-10-01T06:02:03.380244,311.931650,+64.903671,324.601528,+47.454856,  353.448,  491.837,    511811,      1454,False,  +0.82, -0.35, +0.35,    147.92
2025-10-01T06:02:03.392764,311.366723,+64.686292,324.304092,+47.200892,  360.086,  497.310,    532952,      1492,False,  +0.78, -0.35, +0.35,    143.24
2025-10-01T06:02:03.405284,310.771940,+64.457770,323.998359,+46.928709,  367.189,  502.996,    501633,      1445,False,  +0.84, -0.35, +0.35,    135.77
2025-10-01T06:02:03.417804,310.225932,+64.243803,323.717900,+46.674163,  373.820,  508.265,    559914,      1463,False,  +0.72, -0.35, +0.35,    152.95
2025-10-01T06:02:03.430325,309.660349,+64.011884,323.418996,+46.405027,  380.816,  513.928,    544906,      1468,False,  +0.75, -0.35, +0.35,    137.50
2025-10-01T06:02:03.442845,309.131456,+63.787262,323.134492,+46.148242,  387.476,  519.366,    481702,      1478,False,  +0.88, -0.35, +0.35,    137.76
2025-10-01T06:02:03.455365,308.621145,+63.559091,322.849435,+45.895040,  394.026,  524.855,    467819,      1427,False,  +0.91, -0.35, +0.35,    139.83
2025-10-01T06:02:03.467885,308.127287,+63.339986,322.581569,+45.646373,  400.450,  530.063,    428709,      1458,False,  +1.00, -0.35, +0.35,    125.32
2025-10-01T06:02:03.480405,307.612438,+63.101207,322.293572,+45.381595,  407.272,  535.703,    375587,      1467,False,  +1.14, -0.35, +0.35,    115.81
2025-10-01T06:02:03.492925,307.074032,+62.845262,321.990262,+45.099174,  414.530,  541.694,    314329,      1403,False,  +1.33, -0.35, +0.35,     77.33
2025-10-01T06:02:03.505446,306.657237,+62.648377,321.761911,+44.877549,  420.218,  546.247,    361157,      1418,False,  +1.18, -0.35, +0.35,    104.33
2025-10-01T06:02:03.517966,306.136482,+62.399090,321.477824,+44.596197,  427.424,  551.958,    354851,      1435,False,  +1.19, -0.35, +0.35,    104.09
2025-10-01T06:02:03.530486,305.649072,+62.147938,321.193357,+44.325478,  434.327,  557.703,    332126,      1444,False,  +1.26, -0.35, +0.35,     95.50
2025-10-01T06:02:03.543006,305.170763,+61.919389,320.944425,+44.059582,  441.116,  562.809,    283971,      1393,False,  +1.43, -0.35, +0.35,     88.07
2025-10-01T06:02:03.555526,304.762550,+61.688976,320.688439,+43.822254,  447.122,  568.038,    258158,      1391,False,  +1.53, -0.35, +0.35,     85.39
2025-10-01T06:02:03.568046,304.284555,+61.445834,320.430283,+43.546443,  454.125,  573.406,    239157,      1389,False,  +1.61, -0.35, +0.35,     75.75
2025-10-01T06:02:03.580566,303.835016,+61.186054,320.151187,+43.276358,  460.929,  579.202,    243852,      1402,False,  +1.59, -0.35, +0.35,     72.50
2025-10-01T06:02:03.593087,303.344419,+60.915451,319.870099,+42.980482,  468.389,  585.123,    195691,      1373,False,  +1.82, -0.35, +0.35,     59.96
2025-10-01T06:02:03.605607,302.838912,+60.642859,319.595384,+42.672874,  476.144,  590.988,    164330,      1369,False,  +2.01, -0.35, +0.35,     58.40
2025-10-01T06:02:03.630647,302.200980,+60.244525,319.187567,+42.263943,  486.350,  599.682,    134218,      1358,False,  +2.22, -0.35, +0.35,     42.37
2025-10-01T06:02:03.643167,301.714141,+59.952778,318.900249,+41.949951,  494.194,  605.914,    129852,      1341,False,  +2.25, -0.35, +0.35,     45.58
2025-10-01T06:02:03.655688,301.267978,+59.679580,318.635411,+41.656706,  501.502,  611.710,    121213,      1368,False,  +2.33, -0.35, +0.35,     41.72
2025-10-01T06:02:03.668208,300.881758,+59.421907,318.383880,+41.393547,  508.017,  617.220,    231757,      1396,False,  +1.62, -0.35, +0.35,     73.23
2025-10-01T06:02:03.680728,300.576250,+59.225328,318.197393,+41.185434,  513.179,  621.358,    213089,      1370,False,  +1.71, -0.35, +0.35,     69.71
2025-10-01T06:02:03.693248,300.075525,+58.906561,317.902126,+40.841572,  521.709,  627.986,    215807,      1353,False,  +1.69, -0.35, +0.35,     62.20
2025-10-01T06:02:03.705768,299.808204,+58.706347,317.710080,+40.646400,  526.492,  632.260,    131436,      1388,False,  +2.22, -0.35, +0.35,     45.18
2025-10-01T06:02:03.718288,299.408035,+58.475281,317.512269,+40.373865,  533.293,  636.856,     98798,      1398,False,  +2.53, -0.35, +0.35,     31.22
2025-10-01T06:02:03.730809,298.969025,+58.160296,317.224641,+40.051150,  541.223,  643.409,     87347,      1353,False,  +2.66, -0.36, +0.36,     27.57
2025-10-01T06:02:03.743329,298.652750,+57.901241,316.982142,+39.805023,  547.207,  648.909,     55567,      1345,False,  +3.15, -0.36, +0.36,     19.42
2025-10-01T06:02:03.755849,298.449993,+57.709851,316.797890,+39.637030,  551.243,  653.060,     50950,      1387,False,  +3.24, -0.36, +0.36,     18.92
2025-10-01T06:02:03.768369,297.916724,+57.421769,316.580992,+39.267223,  560.513,  658.427,     30979,      1342,False,  +3.77, -0.36, +0.36,     15.83
2025-10-01T06:02:03.780889,297.707601,+57.201983,316.369728,+39.082169,  564.919,  663.223,     34596,      1358,False,  +3.65, -0.36, +0.36,     19.08
2025-10-01T06:02:03.793409,297.286348,+56.890734,316.106962,+38.754148,  572.961,  669.492,     31353,      1342,False,  +3.75, -0.36, +0.36,     17.38
2025-10-01T06:02:03.805930,297.039239,+56.730356,315.981867,+38.568446,  577.561,  672.577,     35654,      1354,False,  +3.61, -0.36, +0.36,     19.90
